2 - 1434 2466 3763 885 

3 - 3290 3497 

4 - 1600 4374 4839 

7 - 1189 1609 

8 - 1010 4184 4318 4513 

9 - 2627 

10 - 1431 2601 

11 - 1983 3703 

12 - 1353 785 

13 - 584 

14 - 1061 1826 2612 2907 

15 - 3069 4917 

16 - 2815 3171 3230 495 938 

17 - 1008 4029 

18 - 43 

19 - 1420 1463 2662 4563 

21 - 275 

22 - 2839 3178 

23 - 4012 

24 - 2262 2432 3701 

25 - 108 1400 4622 

28 - 1536 1680 60 

29 - 3018 

30 - 1467 2551 2625 3425 904 

31 - 32 3873 4334 

34 - 3173 

35 - 1368 

36 - 1211 2774 47 601 821 

37 - 1097 2876 3561 

38 - 1570 2971 3282 4223 

39 - 3241 3635 3854 

40 - 4353 

41 - 4052 

42 - 1953 2057 3456 701 

44 - 1376 

45 - 2033 2632 2979 3313 4224 

46 - 2035 3107 

48 - 1049 3351 3671 4037 4167 

49 - 2663 

50 - 139 227 2335 2775 493 

51 - 1787 1924 2281 3610 4367 

52 - 4537 4780 

53 - 3482 3902 

54 - 1493 3305 

55 - 2506 

57 - 2753 2993 3288 

58 - 3105 4894 557 

59 - 1720 3569 3960 4656 4658 

61 - 3453 3667 3792 4084 4687 

62 - 1861 2735 4107 878 

63 - 1830 4655 

64 - 1022 1391 3335 

65 - 3668 4323 4618 4629 838 

67 - 1383 1935 2787 3132 3984 

68 - 1675 2224 2513 4954 536 

69 - 2055 3033 

70 - 4087 

71 - 1522 2168 3704 735 

72 - 1091 2197 4736 

73 - 1777 4659 

74 - 1831 

75 - 1754 860 

76 - 143 3797 4436 

77 - 1809 3711 

78 - 1472 1842 2247 3320 

79 - 3640 940 

80 - 1523 3254 3951 4443 4997 

82 - 2284 4417 4507 559 

83 - 3518 

84 - 4434 

85 - 2194 3730 4236 4865 833 

86 - 2917 3337 3880 700 

87 - 2064 

88 - 2025 3247 419 4275 4854 

89 - 4639 694 

90 - 2929 935 

92 - 4657 

93 - 1551 1763 3234 3824 474 

94 - 1153 1274 3048 4108 4231 

96 - 1021 2352 3322 3367 3633 

97 - 1832 

99 - 3853 4421 

100 - 1052 3469 4696 4875 

101 - 1298 

102 - 116 3683 

103 - 1450 352 4759 575 

104 - 2103 3297 590 

105 - 1976 3071 439 4795 

106 - 1315 

109 - 1092 1617 2604 2901 853 

112 - 1517 2037 2855 

113 - 2881 3117 3598 

115 - 1175 3916 4819 

117 - 396 4536 

118 - 2811 

121 - 4957 569 740 

122 - 2095 3127 839 886 

125 - 2675 2831 3802 4058 4332 

126 - 2275 

127 - 1474 3028 4650 4675 4924 

128 - 1951 2188 4005 962 

129 - 1096 1693 2102 2368 2718 

130 - 1707 

131 - 196 2346 3965 4180 

132 - 1386 2844 3793 4284 965 

134 - 2525 4498 564 991 

135 - 1446 1645 2206 3571 905 

136 - 3009 4009 

137 - 1586 318 464 4788 950 

138 - 1744 2476 2649 2669 3580 

140 - 1225 2514 2939 4832 

141 - 4301 4729 

146 - 1261 1564 2947 964 

148 - 4210 

149 - 2592 462 

150 - 4315 

151 - 3179 555 

152 - 2578 3659 3684 

153 - 1178 1965 2074 4272 

154 - 156 1696 211 2529 809 

157 - 2577 

158 - 1955 2190 910 

159 - 3830 4920 

160 - 1706 3207 3742 975 

161 - 1164 1488 2790 751 

162 - 1072 1336 1359 699 869 

164 - 2665 4840 

165 - 1209 2849 3226 789 857 

166 - 2217 3265 471 

167 - 1993 2695 3078 3270 3616 

169 - 1240 2302 4732 

170 - 1316 

171 - 2156 4140 

172 - 4697 

174 - 2889 4712 

175 - 1116 3023 3206 3318 

176 - 2930 3284 571 

177 - 3251 

179 - 3109 

181 - 2072 237 566 

182 - 2394 248 4239 

183 - 2139 2472 4428 4798 961 

184 - 1535 3180 3552 492 

186 - 1795 3832 

187 - 4381 4589 

188 - 2031 2892 4202 692 

189 - 1927 226 2722 2871 

190 - 1192 1216 2240 4078 4079 

191 - 210 3946 4632 4803 933 

192 - 4715 

193 - 1794 2434 2682 

194 - 2233 2488 264 

195 - 1165 2115 2523 3870 4040 

197 - 2547 3696 3923 4531 552 

198 - 1167 1323 2406 341 

199 - 1334 1669 3225 3262 743 

200 - 1548 2598 4018 

201 - 2125 2584 

202 - 1290 1567 2330 2870 3767 

203 - 2697 2935 431 

205 - 1278 3038 3566 376 4309 

207 - 2629 3106 

208 - 1461 2160 

209 - 4441 

212 - 1622 3323 3817 

213 - 1084 4522 

215 - 1307 1439 

217 - 2853 2968 4046 

218 - 392 4750 

219 - 2621 

220 - 1269 1840 3548 864 

223 - 1104 4172 990 

224 - 1596 2277 3120 3656 

225 - 2325 3342 4320 573 

228 - 4824 

229 - 1318 1411 3465 4258 

230 - 1361 364 4506 

232 - 1057 1065 1964 2656 624 

233 - 2331 2832 2880 

240 - 1759 2685 3006 4569 4903 

241 - 2271 2583 4241 4689 

242 - 1791 2296 

244 - 1125 2305 

245 - 1087 

246 - 1118 2342 2672 4170 626 

247 - 2937 

249 - 2946 319 

250 - 1367 3372 4174 4664 

251 - 3371 

252 - 1227 943 

254 - 1215 2387 3727 4619 

255 - 2474 2504 2562 3065 481 

257 - 3376 

258 - 2548 

259 - 1371 2572 4127 4786 851 

260 - 1872 2915 3816 

261 - 1212 1823 1834 3592 4207 

262 - 837 

263 - 3857 

265 - 1782 4269 4936 784 

266 - 1149 4111 4698 

267 - 3876 4524 

268 - 2510 

269 - 2136 683 

272 - 1841 4103 598 691 804 

273 - 2585 3271 

274 - 1139 1589 2147 3017 3439 

277 - 1614 2357 

278 - 1998 2359 4846 

279 - 4463 480 4821 

281 - 2043 4402 

282 - 1079 

283 - 1811 3170 4432 

284 - 1128 1136 1258 2218 3056 

285 - 3364 3455 3595 

286 - 1989 362 3939 511 

287 - 3417 385 

288 - 1480 4833 634 

289 - 1979 2326 3137 997 

290 - 2201 3741 4067 4928 752 

291 - 2384 2591 3281 4905 

293 - 2162 629 

294 - 2475 2676 438 

295 - 1932 2875 3130 3942 879 

296 - 4962 

297 - 1982 3901 4707 596 

299 - 1013 1159 1288 1784 

300 - 1384 1483 3208 4266 916 

301 - 1146 1797 2045 2711 491 

302 - 2026 2484 2574 554 633 

303 - 1287 1515 2338 3440 4965 

304 - 1176 1869 3324 642 

305 - 2648 

306 - 1724 3316 514 

307 - 2173 2570 4313 

308 - 2212 747 862 

309 - 1210 1343 418 983 

311 - 2442 3261 423 

312 - 1547 4149 844 

313 - 876 

314 - 1601 4892 741 

315 - 1127 4106 531 915 947 

317 - 1833 2603 2628 

321 - 3158 3441 919 

322 - 4027 4445 

324 - 1786 470 

325 - 2542 3427 3932 562 

329 - 1583 2225 2256 673 748 

330 - 1453 2189 4193 4993 

331 - 1905 2036 2673 724 

332 - 1987 3836 4734 

333 - 1184 2793 

335 - 1574 1984 4069 

336 - 3164 

337 - 1390 2909 

338 - 4440 4868 841 

339 - 1222 

340 - 1370 2912 4561 

342 - 2316 

343 - 2220 3383 3801 653 

344 - 1721 2906 3987 4022 684 

345 - 1017 1172 2588 3287 883 

347 - 1156 2304 4406 

348 - 1496 1880 3430 

349 - 1778 2012 4529 

350 - 2118 3690 805 

353 - 1709 3677 

355 - 1974 2636 614 

356 - 2902 3769 4092 678 

357 - 1649 1743 1747 4045 4572 

358 - 3096 

359 - 1695 

360 - 2291 4467 4481 

361 - 2098 2810 3790 744 

365 - 1642 2058 2482 2799 3131 

366 - 1045 3026 4203 4280 

367 - 1772 4700 618 

369 - 1654 4774 660 803 

370 - 1658 3629 3663 

371 - 4573 

372 - 2069 2132 

373 - 1441 2755 4082 672 

378 - 1877 

379 - 1012 2998 3700 4598 

380 - 1062 

381 - 2786 

382 - 1402 1702 3860 

383 - 1503 409 4714 

384 - 4891 786 

386 - 2234 2569 3459 3593 706 

387 - 435 4621 

389 - 1664 2581 3156 3728 899 

390 - 2729 2808 854 

391 - 2953 3196 

393 - 2052 2882 3989 4098 865 

394 - 756 

395 - 1236 1634 3957 4401 770 

397 - 2563 4250 4716 

398 - 1804 1892 2683 3160 4940 

401 - 1806 902 

402 - 4259 

403 - 2329 2446 4627 911 

404 - 1042 2433 2866 3194 4438 

405 - 1494 

406 - 1623 3015 3607 646 

407 - 3448 688 779 

408 - 1855 3621 4143 4873 631 

411 - 1377 2020 449 4946 

412 - 3707 4464 4818 

413 - 1303 2413 4363 4519 

414 - 2152 

415 - 2075 4579 721 

420 - 1363 2246 2958 3547 

421 - 2081 2716 3905 

424 - 1206 1592 3331 4227 4956 

425 - 4113 4188 

428 - 1563 1824 3784 

432 - 4762 

433 - 2137 4791 4938 587 627 

434 - 1908 

437 - 1636 2308 3963 4882 736 

440 - 1711 

441 - 1117 2766 4611 

443 - 2795 3356 4831 518 

444 - 4182 

445 - 4256 4552 

446 - 4527 4887 661 708 

447 - 1454 4466 

448 - 1132 1934 3520 4592 

451 - 1310 3154 3780 4198 4765 

452 - 3100 

453 - 1252 1849 2809 513 827 

454 - 1685 4293 

455 - 1973 2752 3488 871 

456 - 2268 2994 3150 3578 3632 

457 - 3646 4724 589 

458 - 1111 1239 1969 3177 628 

459 - 1289 1741 3611 

460 - 1181 2558 

461 - 1186 3618 825 

463 - 1039 1443 4773 

465 - 1048 1375 1854 2030 4446 

466 - 2244 2555 3998 4779 

467 - 1546 3470 

468 - 2822 508 

469 - 3222 3393 4085 849 

472 - 2445 3436 3609 658 

475 - 2864 3209 3748 4509 957 

476 - 1605 2927 3472 4960 921 

477 - 3589 4286 

483 - 1001 1752 3199 4197 585 

484 - 1848 3231 

485 - 1173 

487 - 1120 

488 - 1093 3259 3812 4054 913 

489 - 1775 2546 

490 - 2859 3508 4101 4226 

496 - 1887 2182 3181 750 

497 - 3608 3896 

498 - 1991 

500 - 3997 4607 

501 - 3594 

502 - 4493 787 

503 - 1238 4912 

504 - 1197 1487 1828 

506 - 1055 1131 

509 - 1452 4000 4577 4643 

510 - 2851 4549 

515 - 3055 3476 3982 4948 690 

516 - 4268 4666 

517 - 2579 

519 - 3276 

522 - 3699 

523 - 2293 

524 - 1224 2389 2910 3405 3526 

525 - 2198 3498 4455 4767 

526 - 1844 

527 - 2940 4169 685 843 929 

528 - 1275 2897 3605 3983 4610 

532 - 4931 

534 - 2128 2763 3000 

537 - 2977 

539 - 2145 3294 3326 

540 - 1888 3603 4669 936 

541 - 1475 1885 2021 2270 

543 - 1050 2374 4308 

544 - 1652 4267 4297 4667 4693 

545 - 1319 4371 

547 - 2511 3085 

548 - 1002 

550 - 2388 4556 4813 

551 - 2047 2404 4454 

553 - 3943 4171 666 

556 - 1944 3216 

558 - 3757 4542 

560 - 2287 3142 

561 - 2841 4133 

563 - 1473 1946 4339 4426 4500 

567 - 1915 2151 2367 3765 4331 

568 - 1448 3369 3649 4541 4896 

572 - 1923 3066 3377 

574 - 3397 

576 - 2932 3588 647 

577 - 1783 4399 

578 - 1541 1757 3184 794 970 

579 - 2249 3407 3542 920 

580 - 3710 

581 - 2777 2891 

582 - 2549 

583 - 1549 2791 3396 3511 4797 

586 - 3687 

588 - 1765 2265 2313 4999 

592 - 2972 3302 4230 632 

593 - 1879 2954 

594 - 1566 2113 3486 846 

595 - 2320 2361 757 

597 - 1108 3385 4243 

599 - 2596 4119 918 

600 - 3362 3516 4723 

603 - 1896 3833 4024 4460 4581 

604 - 2390 946 

607 - 3927 4640 4644 

608 - 3309 3416 3789 4146 615 

609 - 1328 4080 

610 - 2440 

611 - 3013 

612 - 1194 1863 3414 651 

613 - 3429 4412 

616 - 4209 

617 - 2677 2692 

619 - 1047 3043 

621 - 1028 2760 

622 - 1214 3471 

623 - 1044 1432 3443 3685 4424 

625 - 2719 

630 - 3528 914 

635 - 1708 

636 - 1200 1950 2391 3731 4008 

637 - 1180 2063 2931 3312 3450 

638 - 1410 2862 3599 4288 645 

639 - 895 

640 - 705 

641 - 4609 

644 - 1968 3468 3821 

648 - 2029 4130 4901 

650 - 1552 4115 4510 

652 - 3604 3806 

654 - 1845 3409 3781 4007 4911 

655 - 1798 3891 4076 

657 - 1305 3747 

659 - 2289 2315 4344 4836 977 

662 - 4044 

664 - 1389 3112 

665 - 1638 2804 4881 4982 

667 - 1396 2515 2801 4465 954 

668 - 2393 2797 2867 3733 704 

669 - 2739 3387 3555 4758 4906 

670 - 2661 3672 

671 - 1465 3157 

674 - 1928 2038 3673 

675 - 2167 2264 3243 4539 

677 - 1755 2600 3296 

679 - 1121 773 927 

680 - 4761 755 

682 - 2744 2918 3600 

689 - 1916 4333 4554 

693 - 3202 

695 - 1032 1682 3159 

696 - 1821 1943 2479 4583 

697 - 1971 1972 3538 

698 - 2883 3909 4034 4807 

703 - 1242 1818 2959 3286 4871 

707 - 2077 

709 - 1663 3349 3419 4949 

710 - 2254 3766 

713 - 1959 4624 

716 - 1199 2169 3182 4596 4842 

719 - 1030 2138 4342 4638 

722 - 4075 

723 - 1385 

729 - 2398 3697 4112 

730 - 1089 1174 1635 4719 4867 

733 - 2768 4457 4508 

734 - 2996 

737 - 2495 3809 4630 

739 - 1141 2671 3003 

745 - 2085 3720 3970 4937 796 

746 - 1382 3840 4233 4925 

749 - 2172 2618 

753 - 3556 4071 

754 - 1510 3680 

758 - 1150 2960 762 

759 - 2111 2724 

760 - 1895 1920 2619 3435 

761 - 2110 2680 3258 798 

763 - 3478 4927 

764 - 1166 1542 1827 

767 - 2371 4162 

768 - 1624 3529 

769 - 1498 2402 2857 

771 - 1151 1190 2593 2678 2985 

776 - 1076 1140 1148 3775 3819 

777 - 2745 

780 - 2124 

781 - 1333 

782 - 3073 3077 3736 3799 

783 - 1077 3945 3955 4461 891 

788 - 3509 

791 - 1615 2980 3451 4228 4597 

793 - 1005 1264 3272 

797 - 1025 

799 - 2412 2667 4244 

801 - 1231 1796 2877 3059 4518 

802 - 2408 4364 868 

806 - 2395 2565 2965 3884 

807 - 1170 2890 4208 

810 - 2796 2999 4031 

811 - 2223 2501 2571 3255 

812 - 1598 2232 3890 4089 858 

813 - 3249 

818 - 1080 1576 1961 

819 - 4229 971 

822 - 1226 2292 2505 4011 4476 

823 - 1073 2983 3674 3787 

826 - 2210 

829 - 3138 

831 - 4977 

832 - 1640 3366 3639 4692 

834 - 1736 1785 3882 4564 

836 - 1477 3514 3637 3651 3783 

842 - 1403 2179 3045 3268 4382 

845 - 2257 

847 - 1520 

848 - 1956 2381 2700 3273 870 

850 - 1470 2560 3808 

852 - 4980 

855 - 1268 3568 4001 4431 980 

856 - 4838 

861 - 1330 2336 2535 

863 - 2092 2842 3702 4235 4324 

866 - 3010 4637 884 944 

867 - 1447 

872 - 2992 4511 

873 - 1138 2933 3185 4355 4717 

875 - 2903 3089 3306 3845 4971 

880 - 2437 4893 

887 - 2379 2967 3388 3473 

889 - 1147 1195 3575 4450 5000 

890 - 1839 1906 

892 - 2094 2537 

893 - 1154 1865 2654 3658 

894 - 1788 

896 - 3384 

897 - 1349 3686 

900 - 2241 4907 

901 - 4057 

903 - 1668 3539 922 

906 - 1107 2962 3051 3776 

907 - 4823 

908 - 1653 4735 986 

912 - 3187 

917 - 1457 

924 - 1445 4809 

925 - 1667 1901 2386 2447 

926 - 3623 

928 - 3716 4568 

930 - 2258 3382 4591 

931 - 2011 2580 2836 3466 4347 

932 - 1255 1780 3140 3920 

934 - 1029 

937 - 2517 

939 - 1558 3631 4176 4420 4649 

941 - 1799 3866 4306 4827 

942 - 1476 3368 3875 

945 - 4634 4856 

948 - 1866 4136 

949 - 1458 

952 - 2299 2825 3217 4128 4578 

953 - 1262 1525 2123 3729 4296 

955 - 2696 

956 - 1283 2689 2820 4091 

958 - 2741 

959 - 1009 1737 3274 

963 - 2428 4449 

966 - 2126 3060 3374 4302 

967 - 1106 1621 2076 3554 

968 - 1994 4375 4830 

969 - 1505 3977 4017 4679 

972 - 2099 2624 3213 

973 - 3961 

974 - 1415 1545 3250 

976 - 2003 4060 4601 

981 - 4974 

985 - 1317 1886 

987 - 4801 

988 - 1862 

989 - 2186 

993 - 2508 3877 

994 - 2436 3798 4855 

998 - 1273 2007 2023 2199 

1003 - 1531 3343 

1004 - 3211 

1006 - 3460 

1007 - 2761 3544 4153 

1011 - 2385 3293 3911 4685 

1014 - 1514 3067 

1015 - 1435 2183 2630 

1018 - 1388 1670 1917 2164 2607 

1019 - 1191 

1020 - 1527 1851 3088 3386 4976 

1024 - 2702 4102 

1033 - 2411 2613 3129 3363 

1034 - 3606 3908 4056 4254 

1035 - 3008 4142 

1036 - 1651 3931 

1037 - 3849 4062 4125 4287 

1038 - 2686 3240 3772 4718 

1040 - 3527 

1043 - 1312 1960 4442 

1046 - 2420 4047 

1054 - 1758 1899 2924 3076 

1060 - 1753 3753 4496 

1066 - 2032 3887 

1067 - 1966 3499 4377 4740 

1068 - 1568 3350 

1070 - 2070 3143 4157 

1071 - 1629 2468 2704 3052 4672 

1078 - 1351 1760 3495 4109 

1082 - 4322 

1083 - 1686 2034 2416 2723 3856 

1085 - 1119 2814 2818 

1086 - 3390 3725 3867 

1088 - 1135 4064 4772 

1090 - 3292 

1094 - 2728 

1095 - 1814 2564 2653 3540 3590 

1099 - 3072 4994 

1100 - 2337 3976 

1101 - 1201 2027 

1102 - 4721 

1103 - 3557 4282 

1109 - 1270 3458 

1110 - 3795 

1112 - 1643 3879 3885 4602 

1113 - 2834 

1115 - 1369 

1123 - 2185 2409 3024 

1124 - 3392 4310 4357 

1130 - 1926 

1134 - 2082 3751 

1137 - 1815 1884 

1142 - 1471 1691 1781 3670 4238 

1143 - 3037 3953 4035 4557 

1144 - 1507 

1152 - 1537 3248 

1158 - 2090 

1160 - 1326 2205 3628 4817 

1161 - 1187 2872 

1162 - 1637 2500 3681 3743 4973 

1163 - 1462 1762 4039 4161 

1168 - 2467 

1169 - 3098 4670 

1177 - 1859 4147 4485 

1179 - 2567 3080 

1188 - 2609 

1193 - 2556 2746 

1196 - 2049 2121 2327 2378 3800 

1198 - 4189 

1202 - 4834 4900 

1203 - 2450 4124 

1204 - 1344 3016 3755 4487 4747 

1205 - 4843 

1208 - 1891 2078 4150 

1213 - 1771 3864 

1217 - 2606 3705 3779 4570 4828 

1219 - 1347 4961 

1228 - 2522 2865 2898 

1232 - 2319 4386 4471 

1233 - 4599 

1235 - 2464 3904 

1237 - 2829 2922 4835 4988 

1241 - 1340 1958 3835 

1244 - 4566 

1245 - 3494 4206 

1246 - 1688 2770 3413 3602 

1247 - 2477 

1248 - 1774 2490 2743 4356 

1249 - 2536 3778 

1253 - 2516 

1254 - 1740 

1259 - 3993 4294 4699 

1263 - 2454 2497 3706 4526 

1265 - 1868 2231 3815 

1266 - 3624 3972 4036 4558 4933 

1267 - 1800 3253 

1271 - 1633 3298 

1272 - 1516 2227 3926 3941 

1276 - 4808 

1279 - 1769 3886 

1280 - 4163 

1281 - 1399 1518 1792 2481 

1282 - 1871 3239 4495 

1284 - 4245 

1285 - 1485 2018 

1286 - 3328 

1291 - 2533 4701 

1292 - 4546 

1293 - 1557 

1294 - 1597 3437 4978 4990 

1296 - 2608 4387 

1297 - 2202 4025 4861 

1299 - 1767 3111 

1300 - 2923 

1301 - 4096 

1304 - 2107 2668 2830 3424 4745 

1308 - 2530 2543 3155 4483 4998 

1309 - 1479 2821 3391 4738 

1311 - 4968 

1313 - 3113 3988 4985 

1314 - 2973 3530 3868 4816 

1320 - 3903 

1324 - 2355 4281 

1325 - 4728 

1329 - 2869 

1332 - 2896 

1338 - 3054 

1339 - 2703 2914 4799 

1341 - 1922 2559 3928 4383 4647 

1342 - 4448 

1348 - 1677 

1350 - 2854 2919 3053 3317 3844 

1352 - 1429 2670 4014 

1355 - 3301 3426 4177 4494 

1356 - 2349 2363 2780 3442 3665 

1357 - 2273 2637 4595 4677 

1358 - 3169 3201 4771 

1360 - 3660 4073 

1366 - 1625 2422 4240 4848 

1372 - 2235 2541 4006 

1373 - 1502 

1374 - 1843 4879 4902 

1379 - 4114 

1380 - 1395 1898 4447 4744 

1387 - 1555 2158 3910 

1393 - 1694 

1394 - 2341 4285 

1397 - 2900 

1398 - 1756 4850 

1401 - 3537 3585 

1404 - 1594 3979 4491 

1405 - 3049 4104 

1406 - 2561 

1407 - 4514 

1408 - 2192 2658 2911 3512 4165 

1409 - 1894 3692 3794 3940 4335 

1412 - 1656 2101 

1413 - 1779 2328 2652 

1414 - 1662 2157 

1416 - 2687 

1417 - 2747 3823 3834 4370 

1418 - 2397 2554 3936 

1419 - 1962 

1421 - 2714 

1423 - 1602 

1425 - 3591 

1426 - 4775 

1430 - 1750 3810 4194 4663 4825 

1436 - 2024 3898 4462 4705 

1438 - 2226 4276 4504 

1440 - 3375 3980 4186 

1442 - 1556 

1455 - 2813 3341 3883 

1456 - 4015 4050 4562 4908 

1460 - 3947 4472 4863 

1464 - 1532 2886 3565 3958 

1466 - 2143 3445 4126 

1469 - 1530 4380 

1478 - 1582 1870 3653 4118 4232 

1481 - 1544 1575 4963 

1482 - 2471 

1489 - 2709 3644 4330 

1492 - 2166 3533 3820 4255 

1495 - 2938 3991 4532 

1497 - 1897 

1501 - 4530 4943 4967 

1508 - 1980 2306 2762 3299 4028 

1519 - 1703 3791 3973 4019 

1521 - 2196 4074 

1524 - 4354 

1526 - 2586 4263 4633 

1528 - 2948 2970 3195 3210 

1529 - 1873 4456 

1533 - 3634 

1534 - 2222 

1538 - 3145 

1539 - 3852 

1543 - 4812 

1550 - 3643 

1554 - 1919 2803 4204 

1559 - 2776 2966 3899 4497 

1562 - 3035 4550 

1569 - 3119 3754 4870 

1571 - 1726 

1573 - 2845 4389 

1578 - 1607 2358 

1579 - 2874 3398 

1580 - 2048 

1581 - 2259 2483 3403 4459 

1587 - 3619 3722 3771 4503 

1588 - 4216 

1593 - 3841 

1599 - 2772 

1603 - 2951 3237 3496 

1604 - 1952 4392 

1606 - 3541 4373 4616 

1608 - 2721 

1610 - 2213 2605 4584 

1611 - 1766 3564 

1612 - 1963 2174 3252 4191 4847 

1613 - 2899 3431 

1618 - 3042 4608 

1619 - 2295 4221 4654 

1620 - 1881 2307 4877 

1626 - 1954 3097 3489 3959 4755 

1627 - 1712 2701 3163 4168 4934 

1628 - 2734 3423 

1630 - 2089 2945 

1631 - 3197 3576 4004 4473 4869 

1639 - 4909 

1644 - 4348 4590 

1646 - 2894 

1647 - 1790 2282 3655 

1648 - 1904 

1650 - 3381 4680 

1661 - 4164 

1665 - 1730 1902 

1666 - 2616 2957 

1671 - 2419 3139 4922 

1672 - 2690 2812 4350 

1673 - 2354 3501 3962 4538 

1674 - 2905 3103 3149 4156 4804 

1678 - 3079 

1683 - 3161 3811 4088 

1684 - 2149 2710 

1687 - 4418 

1689 - 2594 2934 3900 

1697 - 2219 

1698 - 4408 

1701 - 3041 

1705 - 2014 2046 2540 

1713 - 2083 

1714 - 4132 4376 

1715 - 3717 4641 

1716 - 2294 2439 

1718 - 2229 

1719 - 2634 4952 

1722 - 1860 2816 3114 3888 4066 

1725 - 3389 4144 

1727 - 2269 

1729 - 2238 2800 3505 3739 

1733 - 3975 

1739 - 4625 

1742 - 1776 1925 2104 2757 4811 

1745 - 4298 

1746 - 1820 2339 4023 4776 

1748 - 2749 3289 3935 4490 4671 

1749 - 1985 3724 4567 

1764 - 2430 4385 

1770 - 2360 4222 4574 

1773 - 4215 4264 

1789 - 3881 

1801 - 3283 3573 

1802 - 2080 2154 2847 

1807 - 2133 

1808 - 3167 

1810 - 4605 

1812 - 2215 2443 3146 3562 

1822 - 1874 

1825 - 2539 

1829 - 3022 4384 

1835 - 2290 2298 2707 3021 4166 

1837 - 3872 4910 

1838 - 4477 

1846 - 3046 

1847 - 2782 

1850 - 2013 2462 3675 

1864 - 2051 2087 2758 2833 4474 

1875 - 2086 

1876 - 2211 

1878 - 4806 

1889 - 2478 

1890 - 3314 

1893 - 2148 

1903 - 1910 2826 3543 4688 4876 

1907 - 2643 3457 3583 4095 4218 

1909 - 2260 2431 2453 2986 

1911 - 3740 

1913 - 2736 4404 

1914 - 2904 3944 

1921 - 2079 2301 3238 4694 

1930 - 2242 2518 2759 

1931 - 4727 

1933 - 2303 3878 

1939 - 4505 4709 

1940 - 2750 3850 3964 

1947 - 4122 

1948 - 2255 4576 

1949 - 4653 

1957 - 2039 3714 3948 4185 4941 

1967 - 3128 

1977 - 3031 

1981 - 2135 2356 2486 2928 3992 

1999 - 2243 

2001 - 2553 4299 4559 

2004 - 3218 3401 3449 3848 4528 

2005 - 3752 

2008 - 4253 4427 4913 

2009 - 2956 3188 3786 4187 4890 

2016 - 4860 

2017 - 4349 

2019 - 2463 3365 

2022 - 2861 

2028 - 2713 3550 4547 

2040 - 2950 3613 3679 3978 

2042 - 2109 2245 3612 4134 

2053 - 3664 

2059 - 3002 

2060 - 3433 

2061 - 3444 4099 4212 4345 

2062 - 3688 

2066 - 2651 3147 4684 

2073 - 4105 4515 

2084 - 3304 

2088 - 2544 3636 

2091 - 2943 

2096 - 2706 4635 4691 4746 

2097 - 2754 3093 3227 

2116 - 2617 

2119 - 3485 4612 

2127 - 3277 

2129 - 3068 4422 

2131 - 2324 4805 

2134 - 2532 

2140 - 3267 4517 4575 

2142 - 4525 4741 4979 

2150 - 2913 3136 3340 4794 

2155 - 2343 

2159 - 2187 3081 3474 4261 

2161 - 2400 2426 4996 

2163 - 2448 4278 

2165 - 4521 4751 4783 

2170 - 3063 3522 

2171 - 4743 

2176 - 2748 3092 3266 

2180 - 3025 4782 

2191 - 2873 3229 

2193 - 2611 4059 

2204 - 2297 2345 4516 

2208 - 4289 

2216 - 2421 2738 2756 3560 4725 

2221 - 3355 3777 

2228 - 3491 3758 3858 

2230 - 2457 4030 4425 4878 

2236 - 2383 

2237 - 2470 3893 

2239 - 2469 3029 4314 4614 

2248 - 2519 3669 

2252 - 3099 

2253 - 4195 

2261 - 2964 4042 4270 

2263 - 4248 

2266 - 3220 3661 

2267 - 4959 

2274 - 2837 4543 

2276 - 2418 3044 3452 4097 

2278 - 2978 3176 3379 4642 

2280 - 4944 

2283 - 2640 3090 3415 4686 

2285 - 3400 3581 4731 

2286 - 4565 

2300 - 3614 3971 

2310 - 2698 4678 

2312 - 4419 

2314 - 3803 

2317 - 2377 3490 4916 

2321 - 2557 2751 

2333 - 2550 3380 3737 3749 3934 

2347 - 2969 

2348 - 3189 

2351 - 3205 

2362 - 2403 3432 

2364 - 2863 

2366 - 4475 

2370 - 3126 4690 

2382 - 2941 

2392 - 3334 4706 

2399 - 4899 

2407 - 3064 

2410 - 4613 

2414 - 3523 3558 3744 4211 4587 

2423 - 3186 4201 

2424 - 2987 

2425 - 4862 

2427 - 2824 

2438 - 4631 

2449 - 4841 

2451 - 2599 

2455 - 3116 3838 4319 4407 4964 

2456 - 2850 

2458 - 4544 

2460 - 4623 

2461 - 2645 

2473 - 3148 4752 

2480 - 3102 4415 

2485 - 2512 

2492 - 2955 3735 

2493 - 3464 

2496 - 3058 4845 

2503 - 3361 3503 3922 4205 4983 

2507 - 3662 

2509 - 3212 4992 

2526 - 4594 

2527 - 3165 

2538 - 4883 

2566 - 3144 

2576 - 2742 3434 

2582 - 2597 3338 3949 4160 4512 

2587 - 4295 

2589 - 4468 

2590 - 3428 

2614 - 4662 

2615 - 4523 4603 

2626 - 3014 4061 

2631 - 3915 

2633 - 3352 

2639 - 3462 3695 3986 4246 

2641 - 3074 4327 4337 

2650 - 4932 

2655 - 4898 

2664 - 3370 3517 3768 3985 4756 

2666 - 4020 

2679 - 3011 4083 4388 

2684 - 4580 

2688 - 3479 

2691 - 3814 

2705 - 3676 

2708 - 4489 4501 4790 

2717 - 3764 4588 

2725 - 4341 4414 

2726 - 2916 

2730 - 4038 

2731 - 3859 

2733 - 2868 3502 

2737 - 3124 3694 3746 4043 

2740 - 2784 

2764 - 3373 4582 4939 

2778 - 2908 3913 4325 4872 

2783 - 4757 

2788 - 3308 4763 

2792 - 3805 

2798 - 3404 

2807 - 4703 

2823 - 3549 

2827 - 2887 

2846 - 4196 

2852 - 2926 4548 

2856 - 3094 3339 4395 

2949 - 3244 4290 

2961 - 3269 3327 3813 4063 

2963 - 3122 

2974 - 4535 4926 

2981 - 3047 3378 3954 4081 4338 

2988 - 2990 3647 4545 

2991 - 3572 3822 

3004 - 3892 

3012 - 3083 4754 

3027 - 3135 3855 3933 

3030 - 4366 

3032 - 3756 

3036 - 3061 

3039 - 3075 3477 

3040 - 4283 

3050 - 3278 3353 

3057 - 4722 4781 

3082 - 3233 

3084 - 3999 4410 4482 4753 4770 

3087 - 3151 3897 4159 4820 

3095 - 3924 4904 4923 

3123 - 3596 4739 

3125 - 3134 3507 4648 4702 

3153 - 3467 3536 

3183 - 3559 

3190 - 4326 

3204 - 3257 

3214 - 3545 4213 

3236 - 4810 

3256 - 4880 

3263 - 4257 

3285 - 4048 4329 

3303 - 3969 

3307 - 3708 

3310 - 4626 4787 

3311 - 4316 

3315 - 3410 3587 

3332 - 4093 

3346 - 4271 

3359 - 3974 4021 4390 

3402 - 4372 

3406 - 3513 4192 

3408 - 4129 

3421 - 4321 

3447 - 4219 

3463 - 4606 4969 

3500 - 4343 

3504 - 3563 4303 

3515 - 4645 4975 

3524 - 4822 

3532 - 3615 

3534 - 3689 4646 

3574 - 3773 4844 4852 

3601 - 4972 

3622 - 4117 

3626 - 4991 

3682 - 4652 4742 

3691 - 4792 

3693 - 4958 

3698 - 4225 

3715 - 3804 4628 4935 

3723 - 3851 4778 

3734 - 3950 

3750 - 4077 

3762 - 4141 

3788 - 3831 

3807 - 3990 

3827 - 3981 

3842 - 4502 

3846 - 4676 

3847 - 4760 

3874 - 4947 4970 

3912 - 4279 

3917 - 4398 

3925 - 4273 

3938 - 4214 4711 4815 

3956 - 4120 4351 4394 

4032 - 4391 

4049 - 4429 

4051 - 4260 4307 4651 

4055 - 4151 

4070 - 4829 

4094 - 4520 

4110 - 4411 

4123 - 4423 4681 

4137 - 4148 

4139 - 4951 

4154 - 4200 

4304 - 4317 

4336 - 4533 

4346 - 4358 

4359 - 4379 

4593 - 4914 

4733 - 4777 

4784 - 4929 

4802 - 4895 

4826 - 4966 

4919 - 4984 

