2 1480 3310 4333

8 2528 2795 3056

9 91 2828

11 1967

17 391 1240 2968

18 1239 3100 3923 4545 4962

19 173

23 557 4332

27 204 2327 2658 3547

28 716 1978 2371

37 3258 3977

42 268 4710

43 4277 4856

49 4128

51 649 1574

52 920

61 188 753 2072

69 3351

73 2404 3548 3697 4144 4807

82 187 2192 2357 3074

83 2719 2972 3220 4379

84 815 2331 3941 4148

85 1001 1012 1318 2805

87 1296 2997 3472 3627

89 3687

92 909 1272

96 494 2076 2247 4964

107 579

108 1908 3793 4988

114 1232 4153 4650

119 2903

122 205 2790 4815

123 660 1326

134 846 2479 3209 4786

135 2268 2532 3482

138 3348

142 1145 1512 2657 4395

144 4329 4953

148 432 1067 2038 2521 4249

152 672 2084 2345 3840 4933

155 1653 1670

157 2838

159 408 521 3004 3431

160 1408 4848

163 2565 2578 3617 3847

165 1528 3809

168 169

186 2603 3868 4638

193 1607 1706 3681 4108 4182

194 862

195 1459 2619 4763

207 576 961 3095

215 729 1082 3816

216 2342 3451 4572

222 1748 2515 3465

227 1350

233 1336 1500 4145 4615

235 2529 3677

245 425 2546 2593

251 438 564 1311 2710 4648

253 2332 2957 3755 4831

255 4431

256 1791 2647

257 4173 4178 4784 4893

263 512 1996 2398 4759 4828

265 2954 3959

269 1615 4608

272 802 3222

276 1668 2256 2837

292 311 370 1156 2088 4583

293 2273

301 2956

309 1674 2793

316 1423 3775 4984

320 998 1276

328 2352 2534

333 578 1205 2585

334 1931 3670

335 374 471

337 2704 4515

338 984 4574

343 4004 4036

345 4673

357 1729 1732 2413 4678

363 1536 1542 1841 2645 3800

364 1499

369 4521 4852

372 686 1701 2746 2947

375 1060 3914

377 3667 4241

381 1887 3529 4292

384 3662

385 1103 1726 3965 4916

393 950

402 1133 3076 3147

405 2912 4071

407 1154 2599 3761

412 979 1119 1250

413 4855 4992

422 2183 2463

424 428 3396 3550

427 1018 1059 2233 2749

429 4719 4877 4922

439 473 661 1815 2396

442 2179

444 3895

450 733 272 4335

452 2503 2744 2916

456 1874 4420

462 3659 3661 4640

465 575 2189 2640 3332

466 1642 2851

470 4565

472 2701

475 492 765 1217 1517

481 1207 2312 2780 3623

482 866 3371 4099

483 2998

489 2659 4443 4482

490 1906 2058

491 1443 3424 3696 3810

496 688 1438 4575

497 3340 3571 4623

498 1927 2675

500 1079 2137 3616 4527 4727

503 1415 2556 3931 4539

508 1475

509 1456 1781 2111 2999

511 973 2530 2812 3161 4647

515 1093 3509 4577 4722

523 1364 2004 4103

531 1889 1952

536 1149 2023 3280

542 2478 4952

545 2445 2606 4907

549 3842 4152 4488

551 4619

554 4457

555 1683 1886 1972

560 1485

561 1275 3050

566 1929 1933

570 1041 1403

574 1382 2508 2816

580 983 1688 2474 3703 4475

584 3730 4343 4467 4579

585 1835 2225

610 3394

616 1553 1646 2709

629 2694 4393 4890

630 2573 4227

643 2136 2166 3325 4387

646 2693 3058 3790 4835

650 700 2505

651 1334 1955 4642

666 1118

673 1163 1252 1901

675 703 1797 2091 2484 3421

676 1337 2304

684 1568

701 3439 2561 3943

707 1842 2669 3268

709 1682 3271 3518

711 2375

715 1020 2796 3805 4184

718 1340 1496 2874 4490

739 3587

740 2083 3926

742 1503 2064

749 3302 3668 4170

750 2571 4543

752 2456 2512

761 2291 3289

772 1771 4899

773 4363

778 1102 2840

783 1523 2130 4609

788 2624 4888

797 3053 4048 4814

800 4510 4659

803 922 2761 4561

812 1134 2973 3692 4782

816 3295 3706 3915

824 1730 3081

833 2808 3774

836 890 3992 4049

842 2686

845 1817 2872

851 1286 3389 4263

854 1450 2029 2866

856 1806 3878 4142

857 1402 3479 3768 4662

858 1602 4137 4446

868 1754 3650

878 2834 4511

883 1812 4858 4966

885 1787 3146 4871

894 4578

907 1800 4233

915 2011 2033 2465

916 3106 4051

935 2676 3772 4288

943 1005 1017 3540 3765

949 2971 2990 3625 4626

969 1068 3611

970 2387 2801

971 3797

991 1650 2228 2943 4567 4605

994 2120 2963 4157 4829

1000 1100

1008 4369

1015 1941 3865 4636

1019 2074 3438

1021 3859

1031 3323 4451

1032 2351 3511

1043 4155

1047 3037

1054 3989 4299 4879

1062 1114 3501

1064 4104

1076 2481

1081 4667 4972

1083 1358 2164

1084 3291 3345 3373 3413

1096 2424 4303 4753

1106 1370 1547

1112 2533 3454 4760

1117 1939

1123 1749 4186 4823

1124 1914 4313

1127 1353 4002

1132 2336 2692 3468

1146 1436 1676 2648

1155 2235

1167 2930

1169 4925

1172 3782 4504 4963

1176 4961 3436 4869

1192 1269 1704 2103 3795

1201 1565 3605

1202 1510 4618

1204 2354 2738 4974

1213 3906

1220 3575 3862 3955

1235 1258 2349 3922 3986 4774

1242 1505 2355 3032

1243 1747

1247 3949 4390

1253 1369 2252 3274

1257 2259 2285 3711 4499

1262 2495 2653 4113

1264 1631 1997 2929 3508 3916

1274 1435 1982

1288 3433

1289 3243 3469

1290 3952 4630

1294 3824 3838 4382

1299 2388

1305 3734 3830

1309 2863

1320 2071 4091

1325 2206 4803

1328 1412 2358 4022 4268

1329 3483 4861 4864

1331 2730 3612

1335 2804 2915 3157

1360 2536 3012

1373 1430 3308 4718

1410 4124

1414 1516 3148

1421 4360

1434 2607 3159 3631 3996 4544

1453 2118 2884 4097

1454 3035 3614 3848

1477 3073

1489 2594 3342 4116

1494 1587

1545 2981 3416 4194

1550 4653 4765

1560 2861 3649 4183 4909

1561 1624

1564 1593 2938

1567 1843 3105 4595

1570 3476 3504

1572 4853

1578 2410 3896 4423 4941

1583 2466 3817 4007 4495

1591 3130 4862

1596 3307 4454 4744

1605 1821 3626 4118

1606 1725 3059 4273

1609 3505

1610 1977

1611 4229 4783

1632 2822 3537

1637 2633 2821 3089 4206

1663 1699 2982

1667 3008

1690 4050 4133

1698 2239 4780 4795

1710 3852 4109 4302

1718 2454 3902

1735 3492 3841

1743 2101 2878

1744 3257

1752 2163 4649

1753 1780 3579 3843

1762 2131 4859

1763 2476 2756 3207

1764 2499 3218

1772 2831 4031

1789 3266 4948

1795 4368

1809 2112 4569 4924

1849 2276 3114 3171 4776

1853 3331 3803

1863 2245 3096 4396

1876 3376 3574 4385

1890 4254

1910 2051 2081

1920 3110

1924 3532 3860

1926 4563

1932 1957 2462 3190

1970 2767 4168

1976 2480

1989 3807

1993 3907

1999 2555 3201 3278 4700

2021 2494 4106

2045 3495 4788

2059 2784 4374

2067 2210 4419

2068 3520 4810

2085 3485 4746

2106 3604

2121 2209

2123 3866

2128 4671 4801

2142 3150 3488 3742

2147 4562 4654

2158 2432 2470 3186 3686 3777

2167 2620 4689

2218 2507 2760

2227 2282 4818

2242 3486 4185 4200

2269 3284 4098

2271 3982

2275 4272 4839

2278 4334

2296 2511 4289

2311 2365 3163 3506

2334 2962

2350 4554

2359 3808 4214 4535

2373 3189 4175

2379 4536

2385 2411

2392 4141 4336 4476

2402 4107 4240

2425 4568

2429 3633 3831

2437 2776

2458 2832 4426 4427

2485 2618 4450

2493 3576 4463

2496 3779

2506 4318 4349 4741

2516 4453

2526 2978 4533

2538 3020 3326 3723

2549 2650

2550 3250

2554 4791

2559 4400

2568 3068

2586 3137

2590 4794

2592 2870 3160

2625 2810 3212

2634 3252

2661 4683

2666 3823 4425

2673 4921

2681 4125

2698 4967

2726 4062 4291

2747 4610

2759 3023

2777 3244 3657 3684 4121 4641

2800 3391 4530

2823 2894 3334 3503

2829 4085

2835 3585

2847 3600 4234

2852 3060 4825

2908 2935

2923 4015 4264

2994 3335 3419 4238 4325

3003 3749 4195 4891

3061 3910 4058

3079 3441 4736 4751

3088 3175

3093 4434

3158 3903

3226 3309

3255 3496 4792

3282 3673

3305 3531

3361 3406

3365 4749

3367 4507 4594

3398 3453 3497 4687

3412 3791 4066 4497

3442 3512 4479

3463 3583

3629 4009 4362

4009 4362

3710 4849

3724 3951 4025 4731

3837 3979 4330

3876 4192 4500

4123 4540 4824

4191 4285

4201 4309

4286 4300

4528 4696
